0  2.0863354e-008            
5.8708415e-009  1.5115575e-008            
1.1741683e-008  1.40883e-008            
1.7612524e-008  1.3898671e-008            
2.3483366e-008  1.3948465e-008            
2.9354207e-008  1.3740646e-008            
3.5225049e-008  1.3470299e-008            
4.109589e-008  1.2881856e-008            
4.6966732e-008  1.1617658e-008            
5.2837573e-008  1.0688609e-008            
5.8708415e-008  1.0281155e-008            
6.4579256e-008  1.1310021e-008            
7.0450098e-008  1.2732471e-008            
7.6320939e-008  1.4633088e-008            
8.2191781e-008  1.7472985e-008            
8.8062622e-008  2.2196673e-008            
9.3933464e-008  2.6081125e-008            
9.9804305e-008  3.0595402e-008            
1.0567515e-007  3.6090114e-008            
1.1154599e-007  4.1943622e-008            
1.1741683e-007  4.7458798e-008            
1.2328767e-007  5.3375516e-008            
1.2915851e-007  6.0621232e-008            
1.3502935e-007  6.8289637e-008            
1.409002e-007  7.5210664e-008            
1.4677104e-007  8.1106919e-008            
1.5264188e-007  8.6333102e-008            
1.5851272e-007  9.0521326e-008            
1.6438356e-007  9.5408041e-008            
1.702544e-007  1.0038525e-007            
1.7612524e-007  1.0485905e-007            
1.8199609e-007  1.0852364e-007            
1.8786693e-007  1.1148609e-007            
1.9373777e-007  1.1380735e-007            
1.9960861e-007  1.1571115e-007            
2.0547945e-007  1.173994e-007            
2.1135029e-007  1.1979978e-007            
2.1722114e-007  1.2196006e-007            
2.2309198e-007  1.2339115e-007            
2.2896282e-007  1.241151e-007            
2.3483366e-007  1.249341e-007            
2.407045e-007  1.2605756e-007            
2.4657534e-007  1.2688133e-007            
2.5244618e-007  1.2723717e-007            
2.5831703e-007  1.2723422e-007            
2.6418787e-007  1.2668443e-007            
2.7005871e-007  1.2560008e-007            
2.7592955e-007  1.241317e-007            
2.8180039e-007  1.2254509e-007            
2.8767123e-007  1.2045712e-007            
2.9354207e-007  1.1782527e-007            
2.9941292e-007  1.1492079e-007            
3.0528376e-007  1.1215616e-007            
3.111546e-007  1.1001748e-007            
3.1702544e-007  1.0775034e-007            
3.2289628e-007  1.0516192e-007            
3.2876712e-007  1.0167719e-007            
3.3463796e-007  9.818109e-008            
3.4050881e-007  9.262385e-008            
3.4637965e-007  8.3330178e-008            
3.5225049e-007  6.8087274e-008            
3.5812133e-007  6.1520268e-008            
3.6399217e-007  5.6882982e-008            
3.6986301e-007  5.1284815e-008            
3.7573386e-007  4.4710987e-008            
3.816047e-007  3.7414338e-008            
3.8747554e-007  2.9521971e-008            
3.9334638e-007  2.1098458e-008            
3.9921722e-007  1.5108071e-008            
4.0508806e-007  1.2930968e-008            
4.109589e-007  1.2094006e-008            
4.1682975e-007  1.2033297e-008            
4.2270059e-007  1.2463033e-008            
4.2857143e-007  1.2679038e-008            
4.3444227e-007  1.2858663e-008            
4.4031311e-007  1.2756345e-008            
4.4618395e-007  1.2381179e-008            
4.5205479e-007  1.2068313e-008            
4.5792564e-007  1.1791599e-008            
4.6379648e-007  1.1797056e-008            
4.6966732e-007  1.1764541e-008            
4.7553816e-007  1.1531029e-008            
4.81409e-007  1.1495558e-008            
4.8727984e-007  1.3288627e-008            
4.9315068e-007  1.5995965e-008            
4.9902153e-007  1.986291e-008            
5.0489237e-007  2.405659e-008            
5.1076321e-007  2.8531986e-008            
5.1663405e-007  3.3106971e-008            
5.2250489e-007  3.9359293e-008            
5.2837573e-007  4.5863771e-008            
5.3424658e-007  5.2182941e-008            
5.4011742e-007  5.778611e-008            
5.4598826e-007  6.2877689e-008            
5.518591e-007  6.90261e-008            
5.5772994e-007  7.6791594e-008            
5.6360078e-007  8.7175749e-008            
5.6947162e-007  9.551286e-008            
5.7534247e-007  1.0199733e-007            
5.8121331e-007  1.0746339e-007            
5.8708415e-007  1.1196335e-007            
5.9295499e-007  1.1535712e-007            
5.9882583e-007  1.1783413e-007            
6.0469667e-007  1.1957854e-007            
6.1056751e-007  1.2083137e-007            
6.1643836e-007  1.2197393e-007            
6.223092e-007  1.2297937e-007            
6.2818004e-007  1.2361284e-007            
6.3405088e-007  1.2370106e-007            
6.3992172e-007  1.2279884e-007            
6.4579256e-007  1.211497e-007            
6.5166341e-007  1.1873908e-007            
6.5753425e-007  1.1674047e-007            
6.6340509e-007  1.1586826e-007            
6.6927593e-007  1.1545376e-007            
6.7514677e-007  1.1551992e-007            
6.8101761e-007  1.1615725e-007            
6.8688845e-007  1.1731549e-007            
6.927593e-007  1.1759607e-007            
6.9863014e-007  1.1696284e-007            
7.0450098e-007  1.1513976e-007            
7.1037182e-007  1.1252132e-007            
7.1624266e-007  1.0989038e-007            
7.221135e-007  1.0764347e-007            
7.2798434e-007  1.0615781e-007            
7.3385519e-007  1.047481e-007            
7.3972603e-007  1.0293502e-007            
7.4559687e-007  1.0070767e-007            
7.5146771e-007  9.8087639e-008            
7.5733855e-007  9.4787993e-008            
7.6320939e-007  9.0568619e-008            
7.6908023e-007  8.4836529e-008            
7.7495108e-007  7.6736342e-008            
7.8082192e-007  6.7080464e-008            
7.8669276e-007  5.7663556e-008            
7.925636e-007  4.928188e-008            
7.9843444e-007  3.963919e-008            
8.0430528e-007  2.7614988e-008            
8.1017613e-007  1.5518708e-008            
8.1604697e-007  1.1981228e-008            
8.2191781e-007  1.1424845e-008            
8.2778865e-007  1.1367092e-008            
8.3365949e-007  1.1349584e-008            
8.3953033e-007  1.1272732e-008            
8.4540117e-007  1.1265456e-008            
8.5127202e-007  1.1042857e-008            
8.5714286e-007  1.0793201e-008            
8.630137e-007  1.0762051e-008            
8.6888454e-007  1.0914391e-008            
8.7475538e-007  1.1182692e-008            
8.8062622e-007  1.1273187e-008            
8.8649706e-007  1.1461907e-008            
8.9236791e-007  1.1669954e-008            
8.9823875e-007  1.3049657e-008            
9.0410959e-007  1.6231752e-008            
9.0998043e-007  2.2386757e-008            
9.1585127e-007  3.0659976e-008            
9.2172211e-007  3.8987309e-008            
9.2759295e-007  4.6624109e-008            
9.334638e-007  5.2989435e-008            
9.3933464e-007  5.8549176e-008            
9.4520548e-007  6.3720108e-008            
9.5107632e-007  6.9116822e-008            
9.5694716e-007  7.4456921e-008            
9.62818e-007  8.0264726e-008            
9.6868885e-007  8.6134378e-008            
9.7455969e-007  9.2822347e-008            
9.8043053e-007  9.9911858e-008            
9.8630137e-007  1.0661529e-007            
9.9217221e-007  1.1176985e-007            
9.9804305e-007  1.1536281e-007            
1.0039139e-006  1.1795782e-007            
1.0097847e-006  1.204146e-007            
1.0156556e-006  1.2271857e-007            
1.0215264e-006  1.2440296e-007            
1.0273973e-006  1.2535952e-007            
1.0332681e-006  1.2577152e-007            
1.0391389e-006  1.255321e-007            
1.0450098e-006  1.2474993e-007            
1.0508806e-006  1.242438e-007            
1.0567515e-006  1.2419378e-007            
1.0626223e-006  1.241599e-007            
1.0684932e-006  1.2392888e-007            
1.074364e-006  1.2337023e-007            
1.0802348e-006  1.2236342e-007            
1.0861057e-006  1.21119e-007            
1.0919765e-006  1.1961902e-007            
1.0978474e-006  1.1820771e-007            
1.1037182e-006  1.1653492e-007            
1.109589e-006  1.1435418e-007            
1.1154599e-006  1.1170596e-007            
1.1213307e-006  1.088506e-007            
1.1272016e-006  1.0565259e-007            
1.1330724e-006  1.0170947e-007            
1.1389432e-006  9.8482133e-008            
1.1448141e-006  9.5937139e-008            
1.1506849e-006  9.3594963e-008            
1.1565558e-006  9.1178435e-008            
1.1624266e-006  8.8443812e-008            
1.1682975e-006  8.5011607e-008            
1.1741683e-006  8.0963218e-008            
1.1800391e-006  7.597464e-008            
1.18591e-006  6.9983344e-008            
1.1917808e-006  6.3551624e-008            
1.1976517e-006  5.5131522e-008            
1.2035225e-006  4.5292609e-008            
1.2093933e-006  3.5388439e-008            
1.2152642e-006  2.6266207e-008            
1.221135e-006  1.5619889e-008            
1.2270059e-006  1.1104021e-008            
1.2328767e-006  1.0378699e-008            
1.2387476e-006  1.0090616e-008            
1.2446184e-006  1.0001258e-008            
1.2504892e-006  1.0046733e-008            
1.2563601e-006  1.0615395e-008            
1.2622309e-006  1.1403699e-008            
1.2681018e-006  1.2263627e-008            
1.2739726e-006  1.2810006e-008            
1.2798434e-006  1.3196995e-008            
1.2857143e-006  1.3626504e-008            
1.2915851e-006  1.3833187e-008            
1.297456e-006  1.4378884e-008            
1.3033268e-006  1.9112349e-008            
1.3091977e-006  2.8637487e-008            
1.3150685e-006  3.6435722e-008            
1.3209393e-006  4.3512955e-008            
1.3268102e-006  4.9129994e-008            
1.332681e-006  5.424954e-008            
1.3385519e-006  5.879474e-008            
1.3444227e-006  6.2517984e-008            
1.3502935e-006  6.6147322e-008            
1.3561644e-006  6.9202542e-008            
1.3620352e-006  7.3151796e-008            
1.3679061e-006  7.7302502e-008            
1.3737769e-006  8.0758809e-008            
1.3796477e-006  8.3553914e-008            
1.3855186e-006  8.7584112e-008            
1.3913894e-006  9.457608e-008            
1.3972603e-006  1.0091003e-007            
1.4031311e-006  1.0602866e-007            
1.409002e-006  1.0969757e-007            
1.4148728e-006  1.128617e-007            
1.4207436e-006  1.1561701e-007            
1.4266145e-006  1.1759494e-007            
1.4324853e-006  1.1899465e-007            
1.4383562e-006  1.2017131e-007            
1.444227e-006  1.2096007e-007            
1.4500978e-006  1.2150394e-007            
1.4559687e-006  1.2163218e-007            
1.4618395e-006  1.2103942e-007            
1.4677104e-006  1.1955967e-007            
1.4735812e-006  1.1750603e-007            
1.4794521e-006  1.160804e-007            
1.4853229e-006  1.1581346e-007            
1.4911937e-006  1.1639463e-007            
1.4970646e-006  1.1696307e-007            
1.5029354e-006  1.174792e-007            
1.5088063e-006  1.1774864e-007            
1.5146771e-006  1.1767543e-007            
1.5205479e-006  1.1740758e-007            
1.5264188e-006  1.1673069e-007            
1.5322896e-006  1.1563384e-007            
1.5381605e-006  1.141907e-007            
1.5440313e-006  1.1200041e-007            
1.5499022e-006  1.0926692e-007            
1.555773e-006  1.0554936e-007            
1.5616438e-006  1.0060398e-007            
1.5675147e-006  9.5181122e-008            
1.5733855e-006  8.8266461e-008            
1.5792564e-006  7.8974836e-008            
1.5851272e-006  6.83292e-008            
1.590998e-006  5.5803639e-008            
1.5968689e-006  4.1583689e-008            
1.6027397e-006  3.1901209e-008            
1.6086106e-006  2.209481e-008            
1.6144814e-006  1.2657665e-008            
1.6203523e-006  8.5926786e-009            
1.6262231e-006  8.7954959e-009            
1.6320939e-006  9.6715667e-009            
1.6379648e-006  1.0329813e-008            
1.6438356e-006  1.0645181e-008            
1.6497065e-006  1.0733629e-008            
1.6555773e-006  1.1020802e-008            
1.6614481e-006  1.1144493e-008            
1.667319e-006  1.0908025e-008            
1.6731898e-006  1.016042e-008            
1.6790607e-006  9.4014467e-009            
1.6849315e-006  9.3543804e-009            
1.6908023e-006  9.3284598e-009            
1.6966732e-006  9.4294137e-009            
1.702544e-006  1.0950089e-008            
1.7084149e-006  1.4249736e-008            
1.7142857e-006  2.1305368e-008            
1.7201566e-006  2.9762987e-008            
1.7260274e-006  3.8031885e-008            
1.7318982e-006  4.7087042e-008            
1.7377691e-006  5.5364808e-008            
1.7436399e-006  6.2216031e-008            
1.7495108e-006  6.7902874e-008            
1.7553816e-006  7.294625e-008            
1.7612524e-006  7.7476216e-008            
1.7671233e-006  8.2852694e-008            
1.7729941e-006  8.9962896e-008            
1.778865e-006  9.8528972e-008            
1.7847358e-006  1.0594817e-007            
1.7906067e-006  1.1098018e-007            
1.7964775e-006  1.1419047e-007            
1.8023483e-006  1.1593579e-007            
1.8082192e-006  1.1666589e-007            
1.81409e-006  1.1707584e-007            
1.8199609e-006  1.1713155e-007            
1.8258317e-006  1.1719976e-007            
1.8317025e-006  1.1704219e-007            
1.8375734e-006  1.1692191e-007            
1.8434442e-006  1.161909e-007            
1.8493151e-006  1.1514499e-007            
1.8551859e-006  1.1415273e-007            
1.8610568e-006  1.1444922e-007            
1.8669276e-006  1.1561769e-007            
1.8727984e-006  1.1640691e-007            
1.8786693e-006  1.1630232e-007            
1.8845401e-006  1.1546717e-007            
1.890411e-006  1.1481234e-007            
1.8962818e-006  1.1518046e-007            
1.9021526e-006  1.1580551e-007            
1.9080235e-006  1.1516045e-007            
1.9138943e-006  1.1304587e-007            
1.9197652e-006  1.1026032e-007            
1.925636e-006  1.078165e-007            
1.9315068e-006  1.0545364e-007            
1.9373777e-006  1.0310919e-007            
1.9432485e-006  1.0118697e-007            
1.9491194e-006  9.859059e-008            
1.9549902e-006  9.5726136e-008            
1.9608611e-006  9.3134304e-008            
1.9667319e-006  9.0112053e-008            
1.9726027e-006  8.6740329e-008            
1.9784736e-006  8.3092345e-008            
1.9843444e-006  7.8955964e-008            
1.9902153e-006  7.3697493e-008            
1.9960861e-006  6.6851499e-008            
2.0019569e-006  5.938773e-008            
2.0078278e-006  5.1749112e-008            
2.0136986e-006  4.3834007e-008            
2.0195695e-006  3.5417997e-008            
2.0254403e-006  2.5696181e-008            
2.0313112e-006  1.631247e-008            
2.037182e-006  1.146509e-008            
2.0430528e-006  1.0814574e-008            
2.0489237e-006  1.0614031e-008            
2.0547945e-006  1.0609028e-008            
2.0606654e-006  1.0645181e-008            
2.0665362e-006  1.0328222e-008            
2.072407e-006  9.677251e-009            
2.0782779e-006  9.5265023e-009            
2.0841487e-006  1.0254098e-008            
2.0900196e-006  1.1707698e-008            
2.0958904e-006  1.2782266e-008            
2.1017613e-006  1.2562623e-008            
2.1076321e-006  1.1660404e-008            
2.1135029e-006  1.4586249e-008            
2.1193738e-006  2.0010702e-008            
2.1252446e-006  2.4685505e-008            
2.1311155e-006  2.9305511e-008            
2.1369863e-006  3.5760422e-008            
2.1428571e-006  4.2552529e-008            
2.148728e-006  4.8504717e-008            
2.1545988e-006  5.4029215e-008            
2.1604697e-006  5.9971171e-008            
2.1663405e-006  6.6322173e-008            
2.1722114e-006  7.2544708e-008            
2.1780822e-006  7.8409357e-008            
2.183953e-006  8.3256964e-008            
2.1898239e-006  8.6741693e-008            
2.1956947e-006  8.9697778e-008            
2.2015656e-006  9.2428081e-008            
2.2074364e-006  9.4982852e-008            
2.2133072e-006  9.798282e-008            
2.2191781e-006  1.0185181e-007            
2.2250489e-006  1.0561348e-007            
2.2309198e-006  1.0862482e-007            
2.2367906e-006  1.1082875e-007            
2.2426614e-006  1.1263069e-007            
2.2485323e-006  1.1451311e-007            
2.2544031e-006  1.160347e-007            
2.260274e-006  1.1705788e-007            
2.2661448e-006  1.1765906e-007            
2.2720157e-006  1.1710108e-007            
2.2778865e-006  1.1499674e-007            
2.2837573e-006  1.1259272e-007            
2.2896282e-006  1.1067027e-007            
2.295499e-006  1.0980216e-007            
2.3013699e-006  1.094877e-007            
2.3072407e-006  1.0968279e-007            
2.3131115e-006  1.0992085e-007            
2.3189824e-006  1.0985673e-007            
2.3248532e-006  1.094279e-007            
2.3307241e-006  1.0848703e-007            
2.3365949e-006  1.0625854e-007            
2.3424658e-006  1.0352255e-007            
2.3483366e-006  1.0117901e-007            
2.3542074e-006  9.9797944e-008            
2.3600783e-006  9.8678811e-008            
2.3659491e-006  9.7246129e-008            
2.37182e-006  9.5209998e-008            
2.3776908e-006  9.2312803e-008            
2.3835616e-006  8.8911065e-008            
2.3894325e-006  8.4643261e-008            
2.3953033e-006  7.9047595e-008            
2.4011742e-006  7.1562681e-008            
2.407045e-006  6.3127118e-008            
2.4129159e-006  5.4507382e-008            
2.4187867e-006  4.6810555e-008            
2.4246575e-006  3.6761321e-008            
2.4305284e-006  2.5581585e-008            
2.4363992e-006  1.3485533e-008            
2.4422701e-006  8.961706e-009            
2.4481409e-006  8.4476142e-009            
2.4540117e-006  8.6840828e-009            
2.4598826e-006  8.6588443e-009            
2.4657534e-006  8.4169187e-009            
2.4716243e-006  7.8000539e-009            
2.4774951e-006  7.2557214e-009            
2.4833659e-006  6.8373538e-009            
2.4892368e-006  6.8248482e-009            
2.4951076e-006  7.3428055e-009            
2.5009785e-006  8.0383415e-009            
2.5068493e-006  9.0426511e-009            
2.5127202e-006  1.0064468e-008            
2.518591e-006  1.1224756e-008            
2.5244618e-006  1.3715635e-008            
2.5303327e-006  1.882313e-008            
2.5362035e-006  2.4093424e-008            
2.5420744e-006  3.0432147e-008            
2.5479452e-006  3.9043243e-008            
2.553816e-006  4.8401034e-008            
2.5596869e-006  5.6828185e-008            
2.5655577e-006  6.3687821e-008            
2.5714286e-006  6.9335556e-008            
2.5772994e-006  7.4997843e-008            
2.5831703e-006  8.1148528e-008            
2.5890411e-006  8.7850822e-008            
2.5949119e-006  9.5437827e-008            
2.6007828e-006  1.0253279e-007            
2.6066536e-006  1.0769531e-007            
2.6125245e-006  1.1112047e-007            
2.6183953e-006  1.1404586e-007            
2.6242661e-006  1.1696375e-007            
2.630137e-006  1.1954239e-007            
2.6360078e-006  1.2188116e-007            
2.6418787e-006  1.2347186e-007            
2.6477495e-006  1.2427768e-007            
2.6536204e-006  1.2381042e-007            
2.6594912e-006  1.2243095e-007            
2.665362e-006  1.2063515e-007            
2.6712329e-006  1.1925931e-007            
2.6771037e-006  1.1938687e-007            
2.6829746e-006  1.2013061e-007            
2.6888454e-006  1.2155147e-007            
2.6947162e-006  1.2305395e-007            
2.7005871e-006  1.2384703e-007            
2.7064579e-006  1.2402552e-007            
2.7123288e-006  1.234996e-007            
2.7181996e-006  1.22953e-007            
2.7240705e-006  1.2195164e-007            
2.7299413e-006  1.2046598e-007            
2.7358121e-006  1.182716e-007            
2.741683e-006  1.1602924e-007            
2.7475538e-006  1.14057e-007            
2.7534247e-006  1.1232783e-007            
2.7592955e-006  1.107253e-007            
2.7651663e-006  1.0878102e-007            
2.7710372e-006  1.0662075e-007            
2.776908e-006  1.0401391e-007            
2.7827789e-006  1.0124108e-007            
2.7886497e-006  9.7698376e-008            
2.7945205e-006  9.3259132e-008            
2.8003914e-006  8.7939043e-008            
2.8062622e-006  8.1632379e-008            
2.8121331e-006  7.4843456e-008            
2.8180039e-006  6.828418e-008            
2.8238748e-006  6.0194679e-008            
2.8297456e-006  5.1689995e-008            
2.8356164e-006  4.2743977e-008            
2.8414873e-006  3.1967375e-008            
2.8473581e-006  2.0466814e-008            
2.853229e-006  1.1485554e-008            
2.8590998e-006  9.1467882e-009            
2.8649706e-006  8.4789917e-009            
2.8708415e-006  8.4594376e-009            
2.8767123e-006  8.6581622e-009            
2.8825832e-006  8.4742169e-009            
2.888454e-006  8.2493443e-009            
2.8943249e-006  8.4883141e-009            
2.9001957e-006  9.0083176e-009            
2.9060665e-006  9.5624273e-009            
2.9119374e-006  1.01154e-008            
2.9178082e-006  1.0705662e-008            
2.9236791e-006  1.1592647e-008            
2.9295499e-006  1.5866817e-008            
2.9354207e-006  2.3193707e-008            
2.9412916e-006  3.0833235e-008            
2.9471624e-006  3.6815663e-008            
2.9530333e-006  4.180356e-008            
2.9589041e-006  4.6808282e-008            
2.964775e-006  5.1802772e-008            
2.9706458e-006  5.7377974e-008            
2.9765166e-006  6.3357675e-008            
2.9823875e-006  6.9103635e-008            
2.9882583e-006  7.5293428e-008            
2.9941292e-006  8.1515282e-008            
3e-006  8.7413582e-008            
